[0 , 0.00464 , 0.64013 , 0.70180 , 0.75074 , 0.84317 , 0.92897 , 2.09884 , 0.00464 , 0.64013 , 0.70180 , 0.75074 , 0.84317 , 0.92897 , 2.09884]
 
[1 , 0.03200 , 0.61597 , 0.69545 , 0.71878 , 0.76263 , 0.82690 , 1.92278 , 0.03664 , 1.2561 , 1.39725 , 1.46952 , 1.6058 , 1.75587 , 4.02162 ]
 
[2 , 0.22508 , 0.70355 , 0.76634 , 0.81815 , 0.83393 , 0.91206 , 1.74047 , 0.26172 , 1.95965 , 2.16359 , 2.28767 , 2.43973 , 2.66793 , 5.76209]
 
[3 , 1.55432 , 1.46981 , 1.37842 , 1.21201 , 1.25072 , 1.32587 , 1.88068 , 1.81604 , 3.42946 , 3.54201 , 3.49968 , 3.69045 , 3.9938 , 7.64277 ]
 
[4 , 10.92454 , 6.87504 , 5.76067 , 4.27865 , 4.24360 , 4.26090 , 3.40147 , 12.74058 , 10.3045 , 9.30268 , 7.77833 , 7.93405 , 8.2547 , 11.04424]
 
[5 , 77.84398 , 53.07425 , 36.86683 , 25.37188 , 25.07228 , 25.18646 , 15.22054 , 90.58456 , 63.37875 , 46.16951 , 33.15021 , 33.00633 , 33.44116 , 26.26478 ]
 
[6 , 571.62714 , 375.90542 , 254.69272 , 176.46187 , 170.41207 , 167.73979 , 94.01970 , 662.2117 , 439.28417 , 300.86223 , 209.61208 , 203.4184 , 201.18095 , 120.28448 ]
 
[7 , 4042.34250 , 2534.80597 , 1772.02916 , 1355.47332 , 1196.58191 , 1169.04783 , 654.47033 , 4704.55467 , 2974.09014 , 2072.89184 , 1565.0854 , 1400.00070 , 1370.22923 , 774.75576  ]